3W	1	1	2L	1	1	1	3W	1	1	1	2L	1	1	3W
1	2W	1	1	1	2L	1	1	1	2L	1	1	1	2W	1
1	1	2W	1	1	1	2L	1	2L	1	1	1	2W	1	1
2L	1	1	2W	1	1	1	2L	1	1	1	2W	1	1	2L
1	1	1	1	2W	1	1	1	1	1	2W	1	1	1	1
1	2L	1	1	1	2L	1	1	1	2L	1	1	1	2L	1
1	1	2L	1	1	1	2L	1	2L	1	1	1	2L	1	1
3W	1	1	2L	1	1	1	2W	1	1	1	2L	1	1	3W
1	1	2L	1	1	1	2L	1	2L	1	1	1	2L	1	1
1	2L	1	1	1	2L	1	1	1	2L	1	1	1	2L	1
1	1	1	1	2W	1	1	1	1	1	2W	1	1	1	1
2L	1	1	2W	1	1	1	2L	1	1	1	2W	1	1	2L
1	1	2W	1	1	1	2L	1	2L	1	1	1	2W	1	1
1	2W	1	1	1	2L	1	1	1	2L	1	1	1	2W	1
3W	1	1	2L	1	1	1	3W	1	1	1	2L	1	1	3W